30,95.7,2,2871
34,81.35,5,2765.9
41,94.74,2,3884.34
45,83.26,6,3746.7
49,100,14,5205.27
36,96.66,1,3479.76
29,86.13,9,2497.77
48,100,1,5512.32
22,98.57,2,2168.54
41,100,14,4708.44
37,100,1,3965.66
23,100,7,2333.12
28,100,2,3188.64
34,100,2,3676.76
45,92.83,1,4177.35
36,100,6,4099.68
23,100,9,2597.39
41,100,5,4394.38
46,94.74,1,4358.04
42,100,1,4396.14
41,100,9,7737.93
20,72.55,13,1451
21,34.91,12,733.11
42,76.36,4,3207.12
24,100,7,2434.56
66,100,2,7516.08
26,100,11,5404.62
29,100,1,7209.11
38,100,11,7329.06
37,100,11,7374.1
45,100,8,10993.5
21,100,1,4860.24
34,100,4,8014.82
23,100,8,5372.57
42,100,11,7290.36
47,100,6,9064.89
35,100,3,6075.3
29,100,2,6463.23
34,100,9,6120.34
32,100,6,7680.64
21,100,9,4905.39
34,100,2,8014.82
37,100,11,7136.19
47,100,6,10172.7
48,100,3,11623.7
40,100,1,6000.4
26,100,3,3003
30,100,1,3944.7
32,100,10,5691.84
41,100,2,4514.92
36,100,3,8254.8
24,100,4,2416.56
23,100,9,4140.23
50,100,6,12001
39,99.91,5,3896.49
29,96.34,3,2793.86
27,100,5,3307.77
37,100,9,5192.95
37,100,17,5016.83
27,100,4,3660.93
42,100,12,4695.6
38,96.34,4,3660.92
24,100,5,3025.92
23,100,2,3009.09
47,100,4,5422.39
22,100,1,2852.08
44,100,5,5756.52
40,100,5,4472
22,100,4,2904.44
47,100,9,6484.59
39,96.34,1,3757.26
34,100,2,4043.96
45,100,4,5566.5
20,100,2,3176
40,68.92,4,2756.8
26,51.15,8,1329.9
39,100,5,5288.01
50,44.51,5,2225.5
45,100,1,5833.8
45,100,5,5887.35
27,100,4,6065.55
46,100,2,9264.86
31,100,4,7023.98
33,100,8,5176.38
22,100,16,4132.7
20,100,3,4183
41,100,11,8892.9
45,100,3,8714.7
49,100,4,8065.89
34,100,1,6123.4
49,100,3,9774.03
39,100,9,7023.9
43,100,4,7078.23
41,100,4,8336.94
36,100,3,6901.92
27,100,8,5438.07
29,100,11,6683.34
20,100,1,4570.4
37,100,3,7667.14
26,100,3,5868.2
39,76.67,3,2990.13
22,100,4,3664.1
22,100,1,3834.38
21,86.77,7,1822.17
66,100,9,11886.6
56,100,4,9218.16
50,100,2,7208
46,100,11,5004.8
33,100,2,4398.24
49,100,15,5597.76
32,100,13,4526.08
44,100,9,5924.16
24,100,12,3492.48
26,100,9,3854.24
45,100,6,5324.4
39,100,8,5197.92
49,100,12,5997.6
20,100,3,2910.4
27,100,1,3378.24
30,100,4,3508.8
25,100,6,2992
24,100,1,3427.2
22,100,9,2692.8
33,100,17,4128.96
47,64.93,6,3051.71
25,48.05,8,1201.25
26,75.47,5,1962.22
48,54.68,6,2624.64
39,100,3,4046.25
34,100,4,4846.7
32,100,2,3370.56
64,100,9,9661.44
19,100,3,2764.88
42,100,4,5398.26
31,100,8,4305.28
22,100,4,3347.74
26,100,4,3188.12
20,100,1,3191.2
21,100,2,3536.82
33,100,9,5362.83
28,100,1,3433.36
26,100,4,4263.74
31,100,15,4076.19
48,100,4,7020.48
50,100,9,6426.5
28,100,2,4591.72
26,100,12,4033.38
32,100,2,4302.08
44,100,9,7020.64
30,100,4,3855.9
38,100,13,6680.78
40,100,7,6678
46,61.99,8,2851.54
26,100,2,3188.12
27,100,2,4428
43,100,9,5780.92
35,65.63,4,2297.05
37,100,6,6231.54
37,46.9,7,1735.3
27,100,2,4427.73
38,100,12,5894.94
33,100,6,5265.15
42,100,10,7599.9
42,100,7,8008.56
48,100,7,9245.76
41,100,2,8296.35
30,100,2,5019.9
27,100,14,5411.07
21,100,3,3840.9
20,100,8,3930.4
41,100,2,7498.9
27,100,9,4517.91
28,100,3,5774.72
24,100,13,3922.56
44,100,14,9160.36
50,100,3,9631
21,100,12,3432.24
33,100,5,5521.89
33,100,10,6934.62
31,100,3,6876.11
41,71.47,5,2930.27
45,79.65,2,3584.25
33,85.39,3,2817.87
45,76,7,3420
26,99.04,4,2575.04
12,100,13,1961.28
41,100,15,8690.36
33,100,9,6034.38
46,100,2,11279.2
33,100,12,8023.29
20,100,11,4904
44,100,3,8594.52
33,100,2,7474.5
21,100,13,3883.74
47,100,5,8887.7
46,100,13,8602.92
32,100,2,7181.44
42,100,2,8378.58
44,100,2,10606.2
35,100,2,5818.4
41,100,5,7071.27
46,100,8,8411.56
31,100,13,6570.76
38,100,5,7975.44
42,64,8,2688
33,57.22,10,1888.26
48,52.36,8,2513.28
42,100,8,4764.48
32,100,6,3560.64
34,100,10,3823.64
33,69.12,1,2280.96
36,100,2,8677.8
27,100,8,3394.98
21,100,2,3415.44
21,100,8,2439.57
38,100,8,4829.8
30,100,5,4100.1
49,100,6,6563.06
43,100,1,6817.22
41,100,5,6163.94
38,100,8,4933.92
28,100,3,4056.36
43,100,1,5759.42
25,100,13,3451
38,100,6,5920.4
41,100,3,6668.24
28,100,6,4094.72
25,100,13,2938.5
41,100,8,6387.8
39,100,3,6396
21,100,11,2669.1
27,100,9,4784.13
33,99.21,6,3273.93
29,100,3,3586.43
49,100,8,5960.36
49,100,8,8470.14
20,100,1,2952
39,63.2,9,2464.8
40,100,6,6232
49,100,3,7969.36
21,100,1,3036.6
50,100,4,8284
20,100,1,2711.2
49,100,5,8339.8
38,100,13,6238.84
35,100,13,4639.25
40,100,8,6747.6
28,100,1,4512.48
25,100,1,4029
36,100,13,4771.8
43,100,6,6087.94
32,100,6,4193.28
46,100,1,7552.28
48,100,1,6434.4
43,100,14,5181.5
49,100,5,6863.92
24,100,8,4157.04
26,100,4,4660.24
30,100,9,4111.8
24,100,6,3542.64
55,100,8,8118.55
22,100,1,3877.06
49,78.92,13,3867.08
44,100,6,5951.44
66,100,6,8648.64
21,100,1,3447.78
34,100,1,5958.5
43,100,10,5911.64
46,100,3,7366.44
33,100,13,4985.64
42,100,12,5393.64
34,100,4,4880.02
47,100,3,8378.69
33,100,14,4038.21
24,100,6,3807.12
26,100,14,3142.36
30,100,3,4713.6
43,100,1,7016.31
25,100,3,4381.25
27,100,3,4283.01
27,100,6,4364.82
24,100,9,4242.24
34,100,14,4982.7
46,100,6,6393.54
27,54.33,1,1466.91
33,100,11,4059.33
47,100,4,4801.52
49,55.34,5,2711.66
40,100,4,5862
37,100,11,4071.85
47,100,3,8236.75
45,100,4,6130.35
37,99.82,8,3693.34
48,100,5,6031.68
31,100,5,3494.94
46,100,6,5294.14
47,100,4,5464.69
28,100,12,2860.76
40,100,1,5590
20,100,6,2254.8
39,100,16,4946.76
25,99.82,7,2495.5
29,100,1,3167.38
22,100,11,2402.84
22,100,12,2454.54
47,100,1,5464.69
45,100,10,4756.5
29,100,3,3984.6
24,100,8,3100.32
35,100,1,4850.3
46,83.63,13,3846.98
44,95.93,1,4220.92
34,96.73,4,3288.82
35,100,1,3987.2
25,72.38,6,1809.5
10,100,11,1092.2
29,100,14,4566.05
39,100,8,5938.14
42,100,1,8138.76
46,100,11,9470.94
49,100,10,7036.89
27,100,2,5559.03
50,100,1,7872.5
43,100,12,7886.2
38,100,4,7232.16
20,100,12,3114.4
27,100,1,5045.22
49,100,1,6952.12
27,100,1,4157.73
39,100,1,7962.24
24,100,4,3778.8
45,100,7,8253
20,100,12,3633.4
36,100,4,6913.8
24,100,1,2583.6
49,63.38,1,3105.62
26,100,10,4408.56
49,62.09,5,3042.41
34,100,1,5941.5
34,95.35,12,3241.9
33,100,3,6109.29
22,100,1,3387.78
39,89.38,7,3485.82
32,63.84,11,2042.88
24,75.01,8,1800.24
21,63.84,8,1340.64
24,73.42,3,1762.08
36,63.84,3,2298.24
20,81.4,15,1628
30,64.64,4,1939.2
44,82.99,9,3651.56
28,92.57,3,2591.96
37,77.41,10,2864.17
20,74.21,4,1484.2
25,90.17,14,2254.25
35,76.61,15,2681.35
38,83.79,4,3184.02
41,69.43,13,2846.63
22,76.61,6,1685.42
49,81.4,11,3988.6
38,73.42,4,2789.96
33,100,14,3607.56
36,93.56,10,3368.16
34,81.62,5,2775.08
24,67.83,5,1627.92
36,70.26,7,2529.36
34,90.17,14,3065.78
41,100,9,4615.78
46,100,5,5723.78
24,100,11,2559.6
21,100,5,2140.11
24,100,3,3327.6
48,100,12,6825.6
26,100,1,3543.28
37,100,6,4516.22
49,100,6,6445.46
34,99.54,7,3384.36
48,100,2,4891.68
36,100,1,4521.96
46,100,5,5069.66
46,100,4,6541.2
31,97.17,5,3012.27
41,100,1,5247.18
21,100,8,2214.87
38,100,5,4773.18
45,100,14,6185.7
26,58.38,7,1517.88
38,100,3,6372.6
48,100,9,5232.96
42,64.16,9,2694.72
49,35.71,4,1749.79
32,66.58,13,2130.56
54,100,5,5951.34
33,100,4,4692.6
36,100,3,3731.04
20,100,7,2142
29,97.89,4,2838.81
33,97.89,4,3230.37
50,100,5,5182
41,100,3,4391.1
36,100,11,4477.32
27,100,16,3544.56
47,100,5,5195.85
33,100,15,4180.44
21,100,6,2684.43
21,93.28,5,1958.88
41,100,10,4910.57
40,100,11,4468.4
28,100,1,3127.88
23,100,9,2675.13
23,100,2,2807.61
25,100,7,2504.75
24,100,15,2984.88
39,64.74,15,2524.86
55,75.2,7,4136
46,88.45,6,4068.7
50,100,1,5182
47,100,8,5243.79
97,93.28,5,9048.16
32,100,10,3832.64
35,100,10,3920
49,100,4,4916.66
38,100,10,3857
32,100,10,4181.44
34,100,7,4641
36,99.17,8,3570.12
48,93.34,3,4480.32
21,96.84,7,2033.64
21,93.34,10,1960.14
34,100,5,3966.78
46,100,2,5152
32,100,1,3360
29,100,8,3451
41,100,5,5453
43,96.84,8,4164.12
24,100,1,2800.08
41,100,10,4687.94
46,98,5,4508
32,100,2,4181.44
22,100,10,2251.04
29,40.25,7,1167.25
42,49.6,5,2083.2
39,98,1,3822
27,100,1,3911.49
48,98,2,4704
29,85.1,10,2467.9
27,100,8,3213
54,100,5,7182
26,100,4,4379.18
34,100,2,5004.8
25,100,2,3644.75
23,100,13,2702.04
28,100,12,3764.88
35,100,2,4508
44,100,6,5418.16
22,100,11,3300.66
42,100,17,6182.4
29,100,10,4186.73
32,100,1,4529.28
41,100,3,5628.89
26,100,5,3054.48
21,100,6,2526.51
34,100,6,4667.86
41,100,4,6499.32
37,100,8,5917.78
37,100,2,6231.91
41,100,10,5803.14
46,100,6,6434.02
40,100,2,6454.4
43,97.6,8,4196.8
30,87.06,1,2611.8
35,100,2,5895.05
36,93.77,14,3375.72
61,100,3,8374.69
38,100,5,4464.24
39,100,2,4808.31
33,99.66,6,3288.78
32,100,1,3254.72
31,100,7,3184.94
50,100,4,5907.5
48,91.44,2,4389.12
43,100,6,5036.16
25,87.33,3,2183.25
28,100,7,3106.88
36,100,2,3735.72
27,89.38,10,2413.26
25,100,3,2953.75
40,100,7,4684.8
34,95.55,2,3248.7
50,100,9,5239.5
38,100,2,4567.98
37,95.55,13,3535.35
43,89.38,10,3843.34
43,86.3,14,3710.9
46,95.13,15,4375.98
42,36.11,3,1516.62
50,50.18,9,2509
44,100,8,9240.44
27,93.16,13,2515.32
35,100,2,5548.9
51,95.55,2,4873.05
41,50.14,1,2055.74
48,49.06,5,2354.88
42,54.99,17,2309.58
49,43.13,6,2113.37
30,58.22,3,1746.6
45,51.21,1,2304.45
48,44.21,5,2122.08
32,54.45,2,1742.4
46,53.37,6,2455.02
48,63.61,1,3053.28
33,43.13,9,1423.29
31,48.52,2,1504.12
20,58.22,6,1164.4
29,51.75,1,1500.75
27,57.68,8,1557.36
24,56.07,1,1345.68
37,48.52,12,1795.24
25,44.21,9,1105.25
41,57.68,5,2364.88
27,89.89,16,2427.03
21,58.95,7,1237.95
22,72.41,6,1593.02
32,98.63,7,3156.16
25,52.83,9,1320.75
42,100,3,4998
25,51.75,1,1293.75
37,100,16,5433.08
26,100,2,3073.72
44,99.55,2,4380.2
47,100,9,5848.68
43,100,8,6153.73
42,100,6,4965.24
42,100,2,5435.64
29,100,7,4258.36
40,100,13,4032
38,100,6,4492.36
38,100,4,4161.38
21,100,11,2508.66
24,100,1,3374.88
36,100,2,5196.6
23,100,2,2604.52
20,100,14,2936.8
32,100,4,3424.64
29,100,9,2923.2
44,100,6,4489.76
44,100,14,4849.24
36,100,4,5848.92
49,56.3,1,2758.7
34,42.64,5,1449.76
59,100,11,7048.14
37,100,1,5202.94
36,100,12,5279.4
43,100,3,6916.12
21,100,4,2781.66
32,100,7,5248
38,100,5,6531.44
43,100,1,5763.72
42,100,4,6490.68
32,100,1,6004.8
42,100,4,7483.98
31,100,17,5719.5
49,100,4,6954.08
45,100,14,8160.3
49,100,9,6567.96
41,100,1,6724
45,100,11,5747.85
36,100,7,5676.84
39,100,1,7379.97
27,100,9,3704.13
25,100,6,2804.75
41,100,1,5624.79
39,99.52,1,3881.28
28,57.55,4,1611.4
25,54.57,7,1364.25
33,100,11,4215.09
34,100,1,6433.82
24,100,14,4352.16
30,100,3,5151
42,100,7,6069
21,100,6,2856
34,100,11,5375.4
29,100,9,5176.5
24,100,13,3508.8
44,100,10,7554.8
21,100,14,3141.6
33,100,4,5890.5
30,100,7,5967
26,100,10,3712.8
41,100,2,7597.3
26,100,16,3668.6
32,100,5,5875.2
43,100,1,7310
48,100,17,8078.4
44,74.04,7,3257.76
45,100,1,7650
37,100,3,4703.81
39,100,2,5399.55
76,100,2,14082.8
37,100,5,5283.6
38,82.39,2,3130.82
43,72.38,6,3112.34
48,79.31,3,3806.88
26,82.39,3,2142.14
38,88.55,4,3364.9
20,63.14,2,1262.8
22,73.92,10,1626.24
45,90.86,15,4088.7
45,85.47,4,3846.15
20,66.99,14,1339.8
47,64.68,5,3039.96
46,73.92,4,3400.32
23,83.93,9,1930.39
33,74.69,10,2464.77
29,90.86,10,2634.94
44,82.39,8,3625.16
41,92.4,1,3788.4
20,91.63,6,1832.6
37,78.54,14,2905.98
29,100,9,2954.81
55,65.45,1,3599.75
22,100,7,3686.54
31,67.76,4,2100.56
49,79.22,3,3881.78
61,73.92,4,4509.12
39,83.93,9,3273.27
38,100,3,4432.7
31,100,1,4100.99
36,100,1,5274.72
25,100,12,4232
48,100,11,6145.44
35,100,1,4680.2
21,100,5,3286.08
47,100,10,7421.3
38,100,16,6432.64
41,100,9,4840.87
24,100,7,3892.08
37,100,2,5526.32
33,100,4,4459.62
49,100,5,6203.4
29,100,5,3754.05
24,100,3,3516.48
47,100,7,7488.04
24,100,1,3448.08
25,100,9,3734
30,32.47,8,974.1
22,100,3,3160.74
27,64.69,2,1746.63
34,100,3,4207.84
36,100,6,4352.76
34,43.05,15,1463.7
48,100,2,7169.28
34,100,4,4594.76
24,100,8,3457.92
46,100,4,7381.16
45,100,10,7146.9
39,100,4,5938.53
43,100,2,7110.91
29,100,11,5032.95
20,100,10,3667.6
46,100,5,7381.16
27,100,5,5128.11
44,100,6,7060.24
43,100,1,8448.64
49,100,8,7300.51
40,100,4,6549.2
30,100,3,5697.9
50,100,4,9169
23,100,13,3238.63
26,100,7,4554.94
27,100,4,3934.44
42,100,13,5776.26
47,100,8,7207.45
49,100,6,7460.74
38,100,8,6719.54
20,100,10,2428
25,100,7,2602.25
25,88,5,2200
41,100,4,6712.93
28,100,3,5318.04
50,67.8,2,3390
32,50.25,6,1608
42,53.88,5,2262.96
24,62.36,10,1496.64
27,69.62,8,1879.74
26,57.51,12,1495.26
38,61.15,9,2323.7
42,59.33,13,2491.86
23,71.44,3,1643.12
21,62.96,6,1322.16
28,50.85,9,1423.8
33,72.65,1,2397.45
25,62.96,15,1574
28,61.75,4,1729
46,49.04,2,2255.84
30,61.15,16,1834.5
38,84.25,9,3201.5
40,56.91,2,2276.4
45,100,4,8884.8
27,49.3,1,1331.1
42,72.65,1,3051.3
36,63.57,4,2288.52
29,100,12,3772.61
39,100,3,4164.42
45,100,14,6295.95
47,100,8,6287.66
49,100,6,5412.54
46,100,15,5984.14
48,100,4,5891.04
46,100,9,5984.14
35,100,9,3608.15
43,100,10,5752.54
26,100,4,3765.32
22,98.18,8,2159.96
34,99.41,7,3379.94
50,100,8,5093.5
48,100,4,5773.44
41,100,11,4528.86
36,100,8,4816.08
29,100,2,3416.78
33,37.48,10,1236.84
46,100,6,5814.86
38,100,7,5223.48
20,36.42,11,728.4
22,100,5,3949
27,100,11,3843.99
56,98.18,8,5498.08
38,99.41,7,3777.58
25,100,4,3782
33,100,4,3859.68
42,100,3,4431.84
33,100,8,4950.33
38,100,6,4299.7
31,100,10,4492.83
20,100,7,2212
44,100,11,4642.88
26,100,1,3206.32
27,100,4,3604.23
46,100,7,7017.76
47,100,2,6154.18
37,100,13,4750.8
31,100,2,3822.92
24,100,17,2440.8
31,100,14,4729.36
50,100,6,12536.5
35,64.69,8,2264.15
30,100,3,3928.2
29,100,3,3630.22
27,100,5,4196.07
40,100,10,4931.6
31,98.99,16,3068.69
6,100,2,785.64
45,100,2,4977
22,54.09,2,1189.98
45,68.67,6,3090.15
43,65.02,2,2795.86
46,61.99,2,2851.54
39,69.28,9,2701.92
31,71.1,18,2204.1
41,69.28,7,2840.48
44,60.16,12,2647.04
45,70.49,2,3172.05
37,69.89,13,2585.93
35,61.38,2,2148.3
28,59.55,7,1667.4
30,61.99,11,1859.7
30,49.22,10,1476.6
25,69.28,11,1732
29,57.73,7,1674.17
26,57.73,2,1500.98
41,53.48,11,2192.68
34,52.87,5,1797.58
35,61.21,11,2142.35
34,61.38,1,2086.92
50,100,8,6834.5
41,61.99,7,2541.59
22,96.86,7,2130.92
35,48.62,7,1701.7
44,38.5,5,1694
47,61.99,11,2913.53
19,49.22,10,935.18
34,90.39,2,3073.26
29,71.81,8,2082.49
49,69.27,3,3394.23
30,85.32,14,2559.6
21,70.96,9,1490.16
50,76.88,7,3844
47,100,9,4724.91
24,76.03,3,1824.72
27,98.84,4,2668.68
33,86.17,10,2843.61
35,90.39,9,3163.65
31,71.81,1,2226.11
25,82.79,4,2069.75
27,82.79,7,2235.33
31,100,9,3116.43
45,100,8,4781.7
27,100,2,2810.7
27,100,1,3515.67
42,69.27,2,2909.34
21,74.77,18,1570.17
34,76.88,15,2613.92
42,76.03,3,3193.26
15,98.84,4,1482.6
29,70.87,6,2055.23
46,58.15,4,2674.9
30,61.78,6,1853.4
30,49.67,10,1490.1
42,51.48,18,2162.16
46,61.18,5,2814.28
25,64.2,13,1605
32,65.42,5,2093.44
30,64.81,6,1944.3
40,49.67,3,1986.8
28,60.57,5,1695.96
23,55.72,2,1281.56
29,61.18,6,1774.22
34,58.75,6,1997.5
37,63.6,5,2353.2
20,49.06,10,981.2
32,48.46,2,1550.72
34,52.09,3,1771.06
42,52.7,5,2213.4
38,100,12,5266.04
30,62.16,1,1864.8
23,49.67,3,1142.41
22,53.3,4,1172.6
39,100,5,6981
55,55.72,2,3064.6
36,61.18,6,2202.48
26,100,1,3773.38
31,100,1,5074.39
34,100,2,6483.46
41,100,8,7956.46
23,100,5,4230.62
48,100,3,7209.12
22,100,7,3452.68
21,100,4,3047.73
22,100,8,3675.32
40,100,3,7492.4
50,100,1,9534.5
29,100,4,5579.02
43,100,8,5950.34
24,100,1,3726
22,100,10,4455
43,100,3,8272.34
20,100,14,3577.6
25,100,11,3881.25
36,100,2,5797.44
24,52.67,1,1264.08
21,100,6,4815.3
30,100,1,4462.2
32,94.79,7,3033.28
21,47.18,8,990.78
26,78.11,7,2030.86
35,100,1,5433.75
26,100,1,3157.44
46,100,3,5161.2
37,100,3,4346.76
27,100,10,3528.36
23,100,9,3187.8
39,100,7,6023.16
27,100,3,3884.76
38,100,8,4965.84
27,100,14,4169.88
40,100,7,4910.4
24,100,5,3231.36
44,100,12,6853.44
37,100,2,5177.04
20,100,3,2824.8
39,100,3,4324.32
44,100,1,5052.96
22,100,5,3223.44
43,100,10,5278.68
27,100,7,2851.2
26,64.9,10,1687.4
25,52.32,3,1308
49,100,2,6144.6
29,100,5,5127.2
41,100,12,6386.16
55,100,2,7695.6
27,83.07,12,2242.89
23,100,2,2539.89
31,90.17,12,2795.27
46,100,1,5545.76
47,91.18,9,4285.46
31,100,2,3329.09
46,100,5,5592.22
37,89.15,9,3298.55
28,93.21,1,2609.88
37,90.17,7,3336.29
49,100,4,5510.05
24,100,3,2504.4
30,100,1,3525.6
50,88.14,1,4407
31,96.24,10,2983.44
46,100,3,5126.24
47,100,12,5713.79
46,100,7,4613.8
37,100,4,3711.1
33,100,12,3524.73
31,90.17,5,2795.27
48,100,9,4814.4
41,87.13,6,3572.33
42,100,1,4581.36
41,100,8,4319.76
32,45.25,6,1448
10,88.14,1,881.4
35,57.46,14,2011.1
28,64.33,2,1801.24
46,73.7,14,3390.2
20,71.2,3,1424
30,49.97,11,1499.1
48,69.96,4,3358.08
28,53.72,2,1504.16
39,68.08,11,2655.12
24,51.84,3,1244.16
28,67.46,9,1888.88
31,58.71,6,1820.01
45,63.71,5,2866.95
24,58.09,3,1394.16
49,53.72,3,2632.28
32,63.08,1,2018.56
43,68.71,5,2954.53
37,50.59,14,1871.83
24,64.96,9,1559.04
35,53.72,6,1880.2
41,29.87,13,1224.67
26,100,17,2979.08
34,64.96,10,2208.64
49,70.58,5,3458.42
28,44.21,6,1237.88
40,68.08,4,2723.2
37,59.96,3,2218.52
31,53.72,3,1665.32
41,83.44,18,3421.04
21,89.46,9,1878.66
40,96.34,2,3853.6
46,74.84,13,3442.64
44,79.14,11,3482.16
46,73.12,7,3363.52
41,81.72,10,3350.52
32,89.46,7,2862.72
46,87.74,4,4036.04
28,100,6,2817.92
49,94.62,10,4636.38
21,73.98,1,1553.58
32,84.3,15,2697.6
34,98.06,2,3334.04
21,98.06,4,2059.26
21,96.34,13,2023.14
31,83.44,7,2586.64
21,94.62,15,1987.02
25,45.86,5,1146.5
28,82.58,3,2312.24
43,64.97,6,2793.71
22,86.74,5,1908.28
37,93.01,5,3441.37
28,72.26,18,2023.28
30,74.84,7,2245.2
44,73.98,1,3255.12
25,100,13,2539.5
43,100,1,4818.15
30,97.39,13,2921.7
20,90.06,2,1801.2
26,100,10,2804.36
40,100,3,4900.8
31,89.01,1,2759.31
22,100,10,2488.2
23,100,2,2769.89
30,100,8,3581.4
49,100,5,5285.14
31,100,4,3181.53
29,100,2,3340.51
37,84.82,2,3138.34
38,100,11,4775.08
29,100,4,3006.43
23,100,13,2866.26
26,85.87,8,2232.62
38,100,5,4457.02
48,47.04,7,2257.92
40,39.8,18,1592
45,100,11,4948.2
44,100,4,5160.76
21,94.22,5,1978.62
35,100,5,4288.2
29,86.92,2,2520.68
21,84.82,2,1781.22
22,100,11,3065.04
26,100,5,3551.34
41,100,2,5544.02
47,100,8,6034.33
31,100,7,3641.57
43,100,2,6930.74
23,100,9,3675.63
28,100,9,3442.04
49,100,1,6893.81
24,100,9,2622.48
33,100,3,4417.38
22,100,6,3606.02
32,100,12,3802.56
40,100,13,5026.4
43,100,1,6695.53
24,100,4,2819.28
32,100,9,3759.04
20,100,1,2731.8
24,69.12,9,1658.88
48,100,12,5778.24
44,100,1,5191.12
28,100,3,3862.88
24,61.52,9,1476.48
33,100,2,5273.73
41,100,12,4872.03
23,100,13,4556.99
46,100,5,8257
48,100,4,8209.44
25,100,3,3598.5
22,100,15,3837.24
41,100,3,8331.61
34,100,9,4836.5
32,100,14,5418.88
21,100,7,3734.01
20,100,1,3996.4
47,100,16,8754.69
39,100,3,5481.45
29,100,5,4419.89
45,100,7,6324.75
28,100,10,4409.72
26,100,12,3918.46
50,100,10,7620.5
48,100,1,8291.04
25,100,11,3937.25
40,100,11,5554.4
43,100,2,6407.86
22,100,5,4172.52
47,100,1,7083.37
36,100,9,7132.68
40,100,6,6773.6
27,100,8,3657.69
29,100,7,4812.55
20,100,9,3928.6
42,100,7,6401.22
25,100,5,4191.25
36,100,5,5852.52
21,100,12,2844.87
23,100,9,4011.66
37,100,9,7455.87
48,100,3,8940.96
25,100,3,4572.25
33,100,11,5700.09
27,100,12,3155.49
27,100,11,4170.69
20,100,3,2878.8
30,100,4,5029.5
48,100,6,7396.8
32,93.49,12,2991.68
34,100,1,6275.72
27,56.85,9,1534.95
39,100,3,7264.53
47,100,6,6869.05
22,100,5,3353.02
55,100,1,8289.05
60,100,9,11887.8
35,100,6,5926.9
28,100,8,3793.16
38,100,13,4330.1
21,95.8,7,2011.8
41,100,4,4837.18
22,97.81,10,2151.82
29,88.74,9,2573.46
50,100,1,5344.5
29,100,11,3070.52
49,80.67,11,3952.83
35,100,3,3564.75
48,100,11,5614.56
23,80.67,5,1855.41
48,95.8,8,4598.4
42,100,14,5082.42
47,100,15,5450.59
36,100,3,4174.92
22,100,6,2418.24
40,91.76,11,3670.4
23,100,3,2481.7
32,100,6,3807.68
21,100,7,2230.41
41,93.04,2,3814.64
25,84.71,5,2117.75
26,100,12,3340.48
24,89.75,4,2154
48,100,14,5808.48
26,68.35,9,1777.1
21,73.17,13,1536.57
45,78,10,3510
36,86.04,10,3097.44
21,81.21,5,1705.41
32,70.76,5,2264.32
30,82.82,17,2484.6
36,94.88,6,3415.68
33,86.04,11,2839.32
35,78,5,2730
37,95.69,12,3540.53
41,73.17,6,2999.97
20,76.39,2,1527.8
45,86.84,2,3907.8
38,69.96,6,2658.48
43,70.76,15,3042.68
49,78.8,8,3861.2
27,80.41,13,2171.07
46,73.98,1,3403.08
38,59.1,10,2245.8
25,66.74,5,1668.5
46,60.3,10,2773.8
22,100,4,2464
40,100,9,5491.6
46,100,16,4791.82
39,100,4,4178.85
38,82.34,16,3128.92
30,100,5,3095.4
42,94.25,2,3958.5
43,100,6,4991.44
29,95.24,4,2761.96
33,86.31,1,2848.23
32,79.37,5,2539.84
28,87.3,11,2444.4
41,100,8,4555.92
33,100,1,3666.96
36,84.33,5,3035.88
26,89.29,5,2321.54
34,100,7,3474.46
26,96.23,2,2501.98
38,100,11,3958.46
33,100,8,3535.95
33,91.27,2,3011.91
46,100,2,11336.7
26,100,12,2656.94
25,100,3,2604.25
45,73.08,4,3288.6
50,100,7,8935.5
36,100,1,4035.96
21,89.29,5,1875.09
29,100,8,4049.56
21,100,12,2469.39
42,100,9,5432.7
37,100,9,4405.22
25,100,4,3638
36,100,4,4444.92
22,100,16,3395.48
23,100,5,3414.58
32,100,10,5127.04
28,100,4,3745.28
27,100,11,4564.08
49,100,5,6554.24
41,100,1,6749.83
49,100,1,8427.02
30,100,5,3924.6
40,100,14,6761.6
23,100,7,3786.49
49,100,12,6266.12
25,100,5,3491
37,100,3,4405.22
55,100,7,6548.3
23,100,7,3177.91
24,100,11,4142.64
43,96.49,10,4149.07
50,100,1,7397
47,100,2,6241.6
34,100,4,5331.88
31,100,4,5124.3
28,100,11,3639.44
36,100,10,5544
48,100,8,5493.12
39,100,4,5785.26
45,100,9,5340.6
35,100,15,5735.8
45,100,8,6357.6
46,100,6,7343.9
37,100,1,5959.22
31,100,3,4029.38
33,100,4,5035.14
31,100,4,4116.8
27,100,2,4310.55
39,100,6,6446.7
32,100,11,3616.64
28,100,8,4232.76
26,67.91,12,1765.66
44,84.88,2,3734.72
46,100,6,4808.38
32,70.83,4,2266.56
65,100,1,10468.9
43,100,3,5589.14
43,67.77,12,2914.11
35,49.74,16,1740.9
45,50.36,13,2266.2
47,67.14,2,3155.58
21,64.66,8,1357.86
38,68.39,8,2598.82
21,50.36,3,1057.56
43,72.74,9,3127.82
46,54.09,8,2488.14
38,58.44,1,2220.72
26,52.22,1,1357.72
31,52.84,5,1638.04
48,54.71,3,2626.08
33,50.36,9,1661.88
38,57.2,1,2173.6
39,55.95,3,2182.05
42,67.14,16,2819.88
44,59.06,4,2598.64
29,69.63,2,2019.27
26,55.95,8,1454.7
31,53.47,1,1657.57
32,89.12,12,2851.84
28,100,9,4609.64
36,100,2,5079.96
36,52.22,1,1879.92
41,100,17,4774.86
27,99.52,8,2687.04
33,100,1,3423.75
34,100,12,3455.76
29,100,10,3622.97
34,100,6,3599.58
48,100,9,5386.56
46,100,6,4918.78
22,100,3,2538.8
20,100,5,2498.6
45,85.75,9,3858.75
46,100,5,5600.5
34,100,14,4103.46
50,85.75,1,4287.5
46,100,3,5795.54
22,84.7,12,1863.4
48,86.81,6,4166.88
47,86.81,14,4080.07
34,100,6,3815.48
45,100,2,5526.45
20,100,2,3374.6
50,60.49,6,3024.5
22,57.55,6,1266.1
45,100,17,4811.85
58,100,6,7307.42
51,100,5,6209.25
38,100,3,5348.5
22,100,12,2780.58
25,100,5,3447
24,100,15,3791.52
35,100,1,4524.1
28,100,6,3337.6
36,100,5,5532.12
39,100,16,5096.91
27,100,8,4537.08
40,100,1,6146.8
50,100,5,8258
42,100,3,7238.28
48,100,5,6756
25,100,5,3734
31,100,8,4674.8
44,100,2,7140.76
23,100,16,3600.65
29,100,8,4206.74
49,100,13,5379.71
36,100,3,5679.36
34,100,5,4394.84
25,100,13,2528.25
48,100,6,7031.52
38,100,1,5340.9
37,100,1,6376.58
49,100,5,6896.75
22,86.51,4,1903.22
28,89.27,8,2499.56
36,85.59,7,3081.24
34,100,1,3598.22
39,100,10,3912.09
21,75.46,14,1584.66
36,100,11,3942.72
24,97.55,15,2341.2
29,85.59,5,2482.11
38,94.79,1,3602.02
34,100,11,3566.94
42,90.19,3,3787.98
35,100,17,3704.05
35,80.99,6,2834.65
38,89.27,2,3392.26
41,81.91,1,3358.31
50,100,2,7310
21,100,4,2203.11
43,62.72,8,2696.96
32,100,1,3376.64
6,90.19,3,541.14
66,92.95,6,6134.7
41,82.5,10,3382.5
23,97.42,4,2240.66
43,92.16,1,3962.88
24,70.22,7,1685.28
22,83.38,6,1834.36
26,73.73,1,1916.98
35,74.6,8,2611
47,77.24,8,3630.28
50,100,14,5090.5
45,87.77,8,3949.65
39,89.53,2,3491.67
23,89.53,5,2059.19
42,75.48,11,3170.16
20,89.53,9,1790.6
33,71.09,12,2345.97
34,100,14,3580.88
49,100,3,4946.06
39,90.4,8,3525.6
36,100,7,3602.16
50,86.01,5,4300.5
29,100,2,4498.19
30,100,3,3023.1
41,86.89,7,3562.49
28,58.58,7,1640.24
45,100,5,4739.4
16,75.48,11,1207.68
36,100,5,4228.2
41,100,9,4815.45
50,100,5,7083
49,100,2,6467.02
45,100,3,5012.55
47,100,10,5121.59
21,100,2,2441.04
32,100,5,4262.08
47,100,16,6658.02
38,100,5,4509.08
41,100,10,4716.23
21,100,3,2390.22
41,100,13,4666.62
38,100,3,5383.08
25,99.29,10,2482.25
48,100,5,5288.64
22,99.29,14,2184.38
28,100,8,2881.76
47,100,1,6203.06
49,100,4,6763.47
45,100,4,5884.65
28,100,2,3559.64
29,57.53,6,1668.37
39,100,1,4890.6
46,100,3,5235.72
38,100,13,4325.16
41,47.29,9,1938.89
50,49.81,3,2490.5
43,53.83,9,2314.69
29,43.27,9,1254.83
30,42.76,6,1282.8
25,53.83,7,1345.75
49,44.78,2,2194.22
40,49.3,6,1972
41,44.78,9,1835.98
21,53.33,4,1119.93
46,45.28,1,2082.88
39,40.25,14,1569.75
45,59.87,7,2694.15
21,59.87,4,1257.27
44,58.36,7,2567.84
44,59.87,14,2634.28
29,51.82,9,1502.78
34,49.3,4,1676.2
39,56.85,1,2217.15
38,100,6,6832.02
24,79.86,8,1916.64
29,100,6,7110.8
30,100,8,5302.8
20,100,2,2730
39,100,2,7827.3
35,59.87,7,2095.45
26,59.87,4,1556.62
44,100,11,5565.12
28,100,15,3583.16
31,100,12,4705.18
29,100,1,4444.54
32,100,7,4618.88
33,100,7,4910.4
44,100,2,5565.12
32,100,8,4237.76
41,100,7,5673.58
35,100,14,5260.15
44,100,8,6350.96
26,100,4,3559.4
20,100,2,2410.6
48,100,8,5713.92
34,100,17,4300.32
49,100,2,7947.31
40,100,15,5356.8
45,100,3,7901.1
50,100,4,6101
38,100,11,6276.46
25,100,2,4203.5
28,58.18,13,1629.04
49,67.14,8,3289.86
49,100,3,6862.94
42,61.29,9,2574.18
23,57.73,8,1327.79
29,81.25,2,2356.25
25,80.54,1,2013.5
39,71.98,15,2807.22
44,69.84,12,3072.96
25,76.26,16,1906.5
45,76.26,6,3431.7
25,83.39,2,2084.75
37,57.73,12,2136.01
30,66.99,4,2009.7
36,75.55,1,2719.8
26,60.58,1,1575.08
23,73.41,7,1688.43
23,72.7,3,1672.1
25,66.99,2,1674.75
21,100,3,3472.98
26,63.43,5,1649.18
44,85.25,9,3751
24,100,2,4536
66,66.99,4,4421.34
36,57.73,7,2078.28
36,85.25,13,3069
22,77.9,12,1713.8
25,60.26,6,1506.5
37,72.76,5,2692.12
32,75.69,3,2422.08
47,74.22,16,3488.34
37,69.82,4,2583.34
20,62.47,10,1249.4
41,82.31,3,3374.71
21,60.26,1,1265.46
22,76.43,8,1681.46
40,80.1,5,3204
32,74.96,5,2398.72
36,66.14,11,2381.04
27,72.02,1,1944.54
26,87.45,6,2273.7
30,70.55,3,2116.5
23,56.84,4,1307.32
29,59.53,7,1726.37
21,60.37,10,1267.77
34,100,3,3441.82
26,76.43,8,1987.18
60,64.67,11,3880.2
35,55.49,6,1942.15
47,69.36,2,3259.92
20,60.69,8,1213.8
20,54.33,2,1086.6
25,65.31,4,1632.75
25,69.36,9,1734
27,68.78,8,1857.06
31,60.11,3,1863.41
44,66.47,3,2924.68
49,46.82,4,2294.18
26,56.07,8,1457.82
36,54.33,6,1955.88
44,52.6,2,2314.4
28,46.82,1,1310.96
45,64.74,2,2913.3
29,46.82,11,1357.78
40,53.75,5,2150
45,61.85,2,2783.25
44,53.18,11,2339.92
25,69.16,14,1729
45,100,4,5972.4
48,47.4,4,2275.2
44,60.76,14,2673.44
25,97.27,12,2431.75
22,91.76,2,2018.72
31,50.29,2,1558.99
21,52.6,2,1104.6
55,46.82,1,2575.1
25,100,3,2845.75
35,98.05,1,3431.75
35,93.54,3,3273.9
43,95.8,7,4119.4
44,100,15,5355.68
50,100,2,5747.5
48,100,10,5355.36
25,100,2,2535.75
39,100,3,4351.23
25,90.16,15,2254
32,91.29,2,2921.28
20,100,8,2299
26,100,3,2637.18
42,100,3,4307.52
21,100,2,2153.76
34,100,7,3716.88
47,100,10,5455.76
21,100,6,2650.62
48,100,2,6437.28
30,87.78,7,2633.4
27,84.39,10,2278.53
50,96.92,2,4846
38,100,6,4197.1
45,100,1,4597.65
46,100,8,5287.7
35,100,3,3550.05
29,59.37,15,1721.73
50,59.87,1,2993.5
26,49.81,1,1295.06
47,56.85,8,2671.95
23,53.33,7,1226.59
34,42.76,5,1453.84
34,53.83,1,1830.22
47,53.83,6,2530.01
45,49.81,12,2241.45
45,53.33,5,2399.85
36,43.27,3,1557.72
21,40.25,10,845.25
28,48.3,1,1352.4
35,45.28,1,1584.8
50,52.32,13,2616
22,51.32,3,1129.04
45,49.3,8,2218.5
48,42.26,5,2028.48
20,87.96,5,1759.2
27,36.21,6,977.67
38,38.5,11,1463
32,100,3,3970.56
64,40.25,10,2576
37,60.37,13,2233.69
28,88.63,4,2481.64
39,100,10,4651.53
41,94.1,5,3858.1
40,87.54,16,3501.6
49,100,11,6433.7
27,98.48,9,2658.96
34,100,11,3608.76
23,96.29,5,2214.67
31,88.63,6,2747.53
34,97.38,1,3310.92
25,95.2,11,2380
22,100,3,2310.88
32,100,6,4061.76
31,100,9,3493.7
25,100,1,2872.25
47,87.54,14,4114.38
21,50.65,7,1063.65
28,71.73,2,2008.44
46,94.1,3,4328.6
33,41.71,11,1376.43
43,100,16,5552.16
38,96.29,5,3659.02
47,88.63,6,4165.61
45,31.2,3,1404
20,35.51,3,710.2
45,37.84,2,1702.8
36,33.19,7,1194.84
37,27.22,5,1007.14
31,31.53,9,977.43
39,36.84,6,1436.76
26,29.21,10,759.46
32,37.17,5,1189.44
20,34.19,3,683.8
42,29.21,6,1226.82
33,29.54,1,974.82
20,28.88,12,577.6
29,38.17,1,1106.93
23,30.2,16,694.6
39,29.54,13,1152.06
20,100,3,2624
45,81.91,6,3685.95
20,35.18,6,703.6
48,100,5,9720
23,36.29,13,834.67
32,70.56,4,2257.92
33,100,8,8344.71
61,29.54,1,1801.94
45,26.88,1,1209.6
38,83.03,7,3155.14
34,83.79,5,2848.86
43,83.03,7,3570.29
47,83.03,11,3902.41
22,67.03,1,1474.66
29,75.41,6,2186.89
28,68.55,14,1919.4
40,91.4,6,3656
25,73.88,7,1847
30,61.7,4,1851
38,69.31,6,2633.78
36,87.6,3,3153.6
32,87.6,1,2803.2
37,62.46,7,2311.02
30,79.98,6,2399.4
39,70.08,11,2733.12
32,65.51,1,2096.32
47,63.22,4,2971.34
26,86.83,6,2257.58
37,94.43,4,3493.91
55,79.98,8,4398.9
21,100,8,3595.62
23,100,9,2443.29
49,81.4,2,3988.6
59,87.6,3,5168.4
32,87.6,1,2803.2
43,100,9,6341.21
41,100,3,5189.78
45,100,9,6027.75
33,100,6,3366
40,100,5,5456.4
33,100,16,3812.16
50,100,7,6083
30,100,7,3170.7
41,100,13,4534.6
35,100,7,4301.15
49,100,1,6804.63
46,100,4,5652.94
48,100,10,6960.48
36,100,8,4512.6
22,100,11,2784.76
42,100,13,5316.36
21,100,2,2941.89
29,100,7,3207.4
35,100,6,4215.05
41,100,4,4333.29
29,71.97,4,2087.13
34,50.33,7,1711.22
37,100,8,3910.53
28,80.54,3,2255.12
49,100,6,5720.75
23,100,10,3335.23
46,53.76,2,2472.96
39,44.35,2,1729.65
22,45.25,1,995.5
49,49.28,6,2414.72
43,36.29,4,1560.47
27,41.22,8,1112.94
31,36.74,5,1138.94
20,50.62,9,1012.4
24,38.08,4,913.92
49,47.94,2,2349.06
24,48.38,5,1161.12
39,45.25,9,1764.75
37,45.7,2,1690.9
45,47.49,11,2137.05
45,48.38,4,2177.1
44,39.42,15,1734.48
23,37.63,12,865.49
30,100,4,3500.1
26,85.52,10,2223.52
43,53.76,1,2311.68
26,31.86,7,828.36
28,30.59,12,856.52
27,68.35,5,1845.45
24,100,1,4042.08
40,45.7,2,1828
36,100,1,3680.28
21,100,5,2925.09
27,100,1,3415.77
47,100,1,5105.14
42,100,8,5098.8
32,100,17,4661.76
28,100,6,2969.96
24,100,11,3496.32
49,100,1,5760.93
46,100,12,6819.04
28,100,1,3148.88
48,100,6,5704.32
29,100,10,3520.6
47,100,9,5285.62
43,100,10,5605.05
25,100,6,2779.5
48,100,1,5398.08
24,100,10,3189.6
42,100,4,5581.8
31,100,2,3820.44
42,100,5,5528.04
37,100,1,5981.42
41,100,7,5684.65
20,100,5,3449.4
20,100,3,2654.4
70,100,10,8498
49,100,9,5510.54
35,58.87,15,2060.45
32,76.88,2,2460.16
29,61.64,16,1787.56
27,60.95,3,1645.65
27,80.34,11,2169.18
38,74.11,11,2816.18
35,72.03,6,2521.05
42,76.19,3,3199.98
21,63.72,11,1338.12
37,80.34,4,2972.58
26,79.65,4,2070.9
47,65.8,8,3092.6
37,65.1,6,2408.7
46,75.49,12,3472.54
38,59.56,3,2263.28
33,66.49,6,2194.17
24,56.1,2,1346.4
31,81.73,7,2533.63
42,81.03,1,3403.26
32,100,6,3307.2
41,70.65,3,2896.65
43,61.23,14,2632.89
20,100,14,2046
35,65.13,4,2279.55
27,79.65,4,2150.55
43,78.15,11,3360.45
32,72.7,10,2326.4
21,73.6,4,1545.6
20,100,3,2144.6
22,74.51,1,1639.22
36,73.6,14,2649.6
46,83.6,2,3845.6
47,96.32,8,4527.04
45,88.14,1,3966.3
47,88.14,14,4142.58
47,94.5,6,4441.5
38,87.24,3,3315.12
49,79.97,3,3918.53
35,80.87,9,2830.45
49,100,5,5298.86
28,93.6,4,2620.8
30,72.7,1,2181
39,86.72,7,3382.08
25,100,1,2876.75
40,100,2,4107.2
36,37.5,6,1350
76,94.5,6,7182
39,100,9,3933.93
44,39.6,10,1742.4
24,30.06,1,721.44
39,38.19,12,1489.41
21,42.43,6,891.03
30,40.31,4,1209.3
27,31.82,13,859.14
37,31.12,2,1151.44
42,31.82,7,1336.44
32,28.29,7,905.28
42,29.7,8,1247.4
21,40.31,3,846.51
33,32.88,2,1085.04
49,36.07,6,1767.43
31,33.24,5,1030.44
38,41.72,6,1585.36
20,40.66,2,813.2
39,30.06,9,1172.34
48,31.47,6,1510.56
39,37.13,15,1448.07
30,100,9,3338.1
33,37.13,2,1225.29
36,37.13,3,1336.68
36,82.94,4,2985.84
45,100,8,5545.8
40,100,3,6089.6
46,38.9,6,1789.4
30,36.07,6,1082.1
31,33.24,5,1030.44
49,74.68,13,3659.32
41,59.6,4,2443.6
35,67.14,5,2349.9
27,60.97,8,1646.19
23,72.62,6,1670.26
21,69.88,2,1467.48
34,80.84,5,2748.56
22,69.2,2,1522.4
48,67.82,5,3255.36
43,82.21,1,3535.03
32,81.53,5,2608.96
20,67.82,1,1356.4
24,67.14,10,1611.36
40,65.08,2,2603.2
30,73.99,12,2219.7
21,71.25,8,1496.25
25,75.36,2,1884
34,63.71,10,2166.14
48,58.92,1,2828.16
55,100,12,6214.45
25,74.68,5,1867
38,70.44,7,2676.72
39,55.96,1,2182.44
28,57.55,3,1611.4
24,61.66,2,1479.84
21,67.82,1,1424.22
46,100,10,5942.28
25,93.95,9,2348.75
34,100,3,4392.12
25,100,2,2759.75
23,100,16,2728.03
20,100,13,2395.8
23,100,1,3052.33
42,100,7,4242
27,100,3,2790.45
33,100,13,4340.49
28,98.65,5,2762.2
43,100,2,4645.72
48,100,2,5580.96
48,100,8,6539.04
45,100,4,5548.95
43,100,3,4595.41
44,42.26,11,1859.44
24,87.24,5,2093.76
31,100,5,4223.13
44,36.29,7,1596.76
59,98.65,5,5820.35
55,96.3,8,5296.5
29,32.1,6,930.9
39,30.96,4,1207.44
20,35.87,1,717.4
25,42.67,1,1066.75
42,37,2,1554
36,35.49,4,1277.64
37,42.67,8,1578.79
30,30.59,13,917.7
21,37,2,777
34,43.42,12,1476.28
42,36.63,3,1538.46
20,44.56,2,891.2
40,42.67,7,1706.8
34,40.4,8,1373.6
31,38.89,8,1205.59
36,39.65,6,1427.4
48,34.36,10,1649.28
33,41.91,4,1383.03
37,33.23,12,1229.51
27,42.24,13,1140.48
39,40.4,9,1575.6
36,38.52,4,1386.72
36,100,2,5018.4
41,100,7,5856.85
37,100,5,4894.73
47,44.56,2,2094.32
15,42.67,7,640.05
44,72.58,4,3193.52
35,87.62,13,3066.7
41,94.71,4,3883.11
49,98.25,1,4814.25
31,91.17,2,2826.27
20,79.66,11,1593.2
45,72.58,2,3266.1
33,74.35,2,2453.55
47,83.2,8,3910.4
20,89.4,2,1788
47,70.81,14,3328.07
40,94.71,2,3788.4
30,100,5,3053.7
22,91.17,3,2005.74
27,100,6,2796.12
34,92.94,8,3159.96
46,84.97,3,3908.62
31,84.08,2,2606.48
24,86.74,1,2081.76
41,85.85,3,3519.85
55,100,13,10758
30,100,9,3021
33,57.32,12,1891.56
43,97.87,2,4208.41
27,83.2,7,2246.4
60,100,5,6107.4
27,73.62,12,1987.74
49,83.04,11,4068.96
31,73.62,5,2282.22
20,77.05,4,1541
24,81.33,2,1951.92
33,94.17,15,3107.61
32,72.77,3,2328.64
40,79.62,9,3184.8
27,79.62,2,2149.74
40,79.62,15,3184.8
26,81.33,7,2114.58
44,96.74,4,4256.56
33,71.06,4,2344.98
34,68.49,10,2328.66
48,74.48,6,3575.04
25,83.04,5,2076
39,84.75,2,3305.25
45,34.19,12,1538.55
24,100,2,3325.92
46,79.62,1,3662.52
44,79.06,9,3478.64
13,81.33,7,1057.29
35,96.74,10,3385.9
30,63.07,5,1892.1
34,50.21,9,1707.14
27,66.13,6,1785.51
30,68.58,6,2057.4
50,69.8,1,3490
34,50.21,1,1707.14
23,65.52,13,1506.96
48,60.01,2,2880.48
34,64.9,7,2206.6
48,48.98,1,2351.04
24,50.21,8,1205.04
47,62.45,2,2935.15
24,52.66,12,1263.84
47,62.45,13,2935.15
20,61.23,2,1224.6
20,67.97,11,1359.4
31,58.78,4,1822.18
38,56.94,9,2163.72
26,61.23,2,1591.98
25,100,9,3078.5
48,62.45,10,2997.6
44,62.45,6,2747.8
21,100,15,2447.76
46,41.54,6,1910.84
46,52.84,6,2430.64
55,52.66,12,2896.3
31,52.6,14,1630.6
20,72.98,5,1459.6
29,59.18,6,1716.22
33,77.59,9,2560.47
34,55.89,7,1900.26
32,63.12,3,2019.84
27,73.64,6,1988.28
21,69.04,3,1449.84
27,71.67,6,1935.09
36,77.59,2,2793.24
43,70.35,6,3025.05
25,69.7,2,1742.5
46,70.35,11,3236.1
24,72.33,3,1735.92
39,71.67,13,2795.13
31,53.92,9,1671.52
22,71.67,3,1576.74
47,76.93,11,3615.71
20,72.98,2,1459.6
29,99.69,14,2891.01
38,68.38,4,2598.44
34,100,6,3871.92
46,66,11,3036
35,63.76,9,2231.6
34,71.67,13,2436.78
38,57.2,3,2173.6
18,69.7,2,1254.6
37,100,14,3724.42
43,100,13,5203
27,100,7,3469.5
30,100,6,3148.2
22,98.51,4,2167.22
49,100,17,6244.07
46,100,5,5566
48,91.02,11,4368.96
46,87.81,4,4039.26
48,92.09,2,4420.32
27,86.73,9,2341.71
43,100,6,5110.98
48,100,6,6168
41,100,12,4873.26
22,96.37,2,2120.14
46,92.09,7,4236.14
21,89.95,4,1888.95
31,37.18,13,1152.58
26,95.88,6,2492.88
20,99.58,4,1991.6
34,100,11,3953.18
43,86.73,9,3729.39
26,100,12,2617.16
50,79.67,1,3983.5
35,90.57,10,3169.95
50,77.99,1,3899.5
23,80.51,14,1851.73
37,67.93,12,2513.41
29,83.86,8,2431.94
21,72.12,11,1514.52
36,85.54,8,3079.44
22,86.38,5,1900.36
22,89.73,7,1974.06
46,80.51,11,3703.46
23,76.31,2,1755.13
49,87.21,16,4273.29
48,83.02,3,3984.96
33,72.96,5,2407.68
22,77.15,14,1697.3
22,91.41,8,2011.02
25,92.25,16,2306.25
20,92.25,2,1845
42,59.36,16,2493.12
25,60.34,10,1508.5
23,100,10,2394.3
37,85.54,2,3164.98
37,90.57,8,3351.09
42,72.96,8,3064.32
51,76.31,2,3891.81
40,100,1,5448.8
43,100,5,5494.97
47,100,2,6336.07
23,100,2,2906.97
35,100,3,4767.7
34,100,1,3819.56
25,100,9,3861.75
45,100,14,6319.35
47,100,3,6996.42
49,100,13,6949.67
40,100,4,4550
29,100,3,4479.63
39,100,8,5148
24,100,9,2932.08
25,100,9,3159.75
36,100,7,4297.32
50,100,11,7723.5
45,100,5,5497.65
26,100,13,4052.88
21,100,1,3135.93
42,100,6,5013.54
32,100,8,5302.72
31,94.58,1,2931.98
33,53.27,3,1757.91
45,100,8,6763.05
76,100,3,11739.7
70,100,8,9240
50,64.83,11,3241.5
28,70.29,2,1968.12
50,81.89,3,4094.5
28,66.19,6,1853.32
44,77.11,4,3392.84
27,73.02,18,1971.54
30,72.33,3,2169.9
43,66.19,3,2846.17
29,69.6,16,2018.4
48,56.64,3,2718.72
33,60.05,12,1981.65
40,75.06,13,3002.4
48,61.42,8,2948.16
41,81.89,18,3357.49
21,55.96,10,1175.16
32,71.65,6,2292.8
43,76.43,16,3286.49
30,77.79,8,2333.7
35,76.43,3,2675.05
45,96.92,11,4361.4
34,59.37,3,2018.58
26,100,7,3710.98
39,73,13,2847
41,73.32,12,3006.12
41,68.24,2,2797.84
64,60.05,12,3843.2
18,75.06,13,1351.08
49,34.47,1,1689.03
48,34.47,5,1654.56
46,33.23,4,1528.58
26,38.98,9,1013.48
37,38.98,7,1442.26
35,33.23,11,1163.05
23,42.26,8,971.98
22,41.03,12,902.66
39,33.23,2,1295.97
44,34.88,5,1534.72
27,43.9,8,1185.3
46,36.93,1,1698.78
33,41.85,14,1381.05
33,40.62,3,1340.46
24,40.21,1,965.04
31,35.29,15,1093.99
41,77.24,14,3166.84
22,97.44,4,2143.68
46,37.34,3,1717.64
43,95.03,12,4086.29
15,36.93,1,553.95
15,43.49,3,652.35
26,100,5,2921.62
44,100,1,5568.64
20,96.99,7,1939.8
40,94.62,1,3784.8
23,100,3,2802.09
24,99.36,8,2384.64
29,100,7,2915.66
49,100,2,5795.72
34,100,2,3699.88
28,100,3,2980.6
37,100,7,5032.74
45,100,5,4737.15
46,100,1,6311.2
22,100,1,3070.54
39,100,10,4797.39
27,100,4,3832.38
36,100,1,4641.48
38,100,10,4000.26
44,100,5,5325.76
31,100,5,4618.69
23,100,2,3182.97
22,100,7,2603.04
28,50.32,9,1408.96
21,93.91,4,1972.11
37,100,7,5207.75
31,100,1,4253.2
25,100,15,2873
26,86.68,3,2253.68
34,100,15,3576.12
29,100,4,3276.13
20,90.57,1,1811.4
42,91.55,5,3845.1
22,100,3,2571.14
47,100,12,5035.11
20,100,4,2279
33,97.39,10,3213.87
39,90.57,7,3532.23
33,100,6,3406.59
40,86.68,4,3467.2
46,78.89,4,3628.94
48,97.39,2,4674.72
21,78.89,6,1656.69
45,100,1,5171.4
33,100,10,3342.57
44,100,7,4884.88
33,100,3,6267.69
39,100,1,4424.16
39,50.31,2,1962.09
41,100,6,6847
40,86.92,3,3476.8
33,100,4,4592.61
28,78.89,4,2208.92
26,63.76,3,1657.76
29,85.49,9,2479.21
46,77.52,4,3565.92
33,84.77,15,2797.41
48,78.25,10,3756
40,71,8,2840
23,74.62,10,1716.26
40,81.14,4,3245.6
37,74.62,5,2760.94
24,75.35,11,1808.4
27,62.31,10,1682.37
21,71,2,1491
23,72.45,5,1666.35
44,83.32,8,3666.08
35,83.32,1,2916.2
43,60.86,4,2616.98
40,84.77,1,3390.8
35,89.9,3,3146.5
25,62.46,1,1561.5
43,100,2,10039.6
50,63.34,8,3167
45,78.25,14,3521.25
52,81.14,4,4219.28
48,74.62,5,3581.76
31,68.71,10,2130.01
29,71.14,14,2063.06
23,87.31,11,2008.13
31,64.67,11,2004.77
23,67.1,6,1543.3
24,94.58,6,2269.92
28,71.14,1,1991.92
44,66.29,7,2916.76
22,92.16,6,2027.52
46,70.33,13,3235.18
22,93.77,7,2062.94
38,87.31,3,3317.78
47,83.27,1,3913.69
48,75.18,7,3608.64
40,88.12,16,3524.8
32,80.84,1,2586.88
49,97.01,14,4753.49
43,85.69,2,3684.67
41,100,2,5715.4
30,100,1,3098.7
28,95.39,9,2670.92
43,100,9,5154.41
41,100,2,4894.17
30,82.42,10,2472.6
31,100,3,3224.31
32,100,7,3667.52
43,96.31,3,4141.33
26,100,3,2829.58
27,100,10,3068.55
24,100,1,2634.96
22,100,8,2436.72
46,100,13,4607.36
37,97.27,3,3598.99
49,80.9,14,3964.1
21,100,3,2244.9
25,100,8,2793
37,100,1,4133.64
45,86.68,11,3900.6
32,85.72,1,2743.04
29,82.83,8,2402.07
26,83.79,3,2178.54
28,100,12,3155.04
27,87.64,6,2366.28
20,98.18,11,1963.6
44,100,1,4746.28
42,100,3,6386.94
41,100,1,4428
26,100,1,4044.04
26,100,6,2708.42
26,100,1,2904.72
41,86.68,11,3553.88
20,92.9,8,1858
22,100,6,2461.36
23,100,1,2642.01
33,93.9,12,3098.7
28,100,7,3244.36
44,98.89,7,4351.16
46,79.91,5,3675.86
21,100,7,2475.27
41,100,1,4177.49
31,100,2,3282.28
31,79.91,8,2477.21
23,81.91,7,1883.93
37,98.89,12,3658.93
26,100,2,2856.88
24,79.91,5,1917.84
47,100,7,5305.36
45,63.91,11,2875.95
55,100,2,6482.85
46,81.17,5,3733.82
50,100,2,6576.5
37,100,3,6353.27
44,94.9,1,4175.6
49,100,1,4992.61
45,100,2,4764.6
27,43.45,13,1173.15
31,44.66,17,1384.46
33,40.23,14,1327.59
31,35.8,1,1109.8
35,35.4,9,1239
26,39.83,9,1035.58
34,45.46,4,1545.64
46,32.99,1,1517.54
41,42.24,9,1731.84
43,39.43,2,1695.49
26,40.23,2,1045.98
36,48.28,6,1738.08
20,32.59,4,651.8
27,36.61,10,988.47
37,41.03,1,1518.11
24,42.24,4,1013.76
36,43.05,17,1549.8
29,38.22,5,1108.38
28,100,3,4102.56
29,100,5,3713.16
38,39.83,10,1513.54
48,48.28,1,2317.44
40,82.46,1,3298.4
41,44.56,11,1826.96
30,40.23,2,1206.9
35,47.62,11,1666.7
28,55.73,2,1560.44
45,51.95,13,2337.75
24,45.99,7,1103.76
41,63.85,5,2617.85
48,45.99,14,2207.52
50,63.31,3,3165.5
33,62.77,8,2071.41
32,43.29,8,1385.28
27,60.06,9,1621.62
35,55.19,4,1931.65
23,54.11,3,1244.53
35,48.7,7,1704.5
40,43.83,6,1753.2
35,47.62,7,1666.7
31,55.19,3,1710.89
50,46.53,10,2326.5
40,57.9,7,2316
38,45.45,1,1727.1
38,100,3,8844.12
40,60.6,3,2424
33,46.53,1,1535.49
36,100,3,6358.68
20,66.47,2,1329.4
32,53.18,5,1701.76
36,62.77,3,2259.72
19,48.7,7,925.3
11,43.83,6,482.13
49,65.87,4,3227.63
27,63.38,1,1711.26
29,70.84,6,2054.36
42,74.57,16,3131.94
33,50.95,2,1681.35
44,53.44,7,2351.36
22,64,6,1408
48,50.95,1,2445.6
33,54.68,1,1804.44
45,56.55,2,2544.75
20,52.82,6,1056.4
46,60.9,4,2801.4
40,49.71,6,1988.4
45,64.63,6,2908.35
36,59.65,9,2147.4
31,67.73,3,2099.63
46,50.33,17,2315.18
35,66.49,9,2327.15
28,100,2,5377.4
31,84.71,9,2626.01
27,100,14,4406.4
22,100,1,4301.22
30,99.55,11,2986.5
44,36.07,8,1587.08
30,60.28,4,1808.4
24,49.71,6,1193.04
45,75.63,7,3403.35
23,68.52,1,1575.96
26,62.7,7,1630.2
28,60.76,7,1701.28
49,58.18,4,2850.82
49,54.94,5,2692.06
29,74.98,12,2174.42
49,64.64,4,3167.36
39,54.94,7,2142.66
36,58.82,2,2117.52
39,62.05,7,2419.95
30,73.04,12,2191.2
44,69.16,5,3043.04
20,61.41,2,1228.2
21,63.35,5,1330.35
36,77.57,12,2792.52
32,71.75,7,2296
36,73.04,2,2629.44
34,56.24,10,1912.16
48,100,4,8209.44
33,73.69,4,2431.77
31,100,5,3139.99
36,100,2,5669.64
25,100,3,3160.25
48,100,8,6799.68
27,69.16,5,1867.32
44,61.41,2,2702.04
33,72.92,5,2406.36
29,72.23,11,2094.67
49,57.1,6,2797.9
20,81.86,1,1637.2
31,73.61,12,2281.91
39,59.16,10,2307.24
20,66.04,12,1320.8
34,77.73,6,2642.82
50,61.22,7,3061
40,79.11,2,3164.4
28,63.97,12,1791.16
50,81.86,4,4093
28,79.8,7,2234.4
46,66.04,10,3037.84
24,59.16,2,1419.84
24,81.17,5,1948.08
39,59.16,3,2307.24
40,44.51,7,1780.4
49,72.33,2,3544.17
44,82.26,4,3619.44
35,100,8,3918.95
22,67.41,4,1483.02
62,77.73,6,4819.26
26,61.22,7,1591.72
31,100,16,3669.78
25,86.74,3,2168.5
30,89.8,17,2694
27,100,4,3251.34
23,100,12,2347.15
34,100,12,3920.88
22,100,7,2514.6
42,85.72,4,3600.24
37,100,12,4040.03
30,100,5,3336.9
27,100,5,3113.64
25,100,9,2832
34,97.97,7,3330.98
38,100,13,4304.64
26,100,4,2600.26
38,100,7,4382.16
50,84.7,3,4235
22,100,8,2626.8
32,100,4,5026.56
31,71.02,4,2201.62
40,100,5,4326.8
22,100,3,3425.18
41,100,15,4701.88
45,48.98,12,2204.1
45,100,5,5189.4
39,40.15,6,1565.85
49,50.62,12,2480.38
27,50.19,7,1355.13
34,36.66,1,1246.44
20,41.02,1,820.4
48,51.93,13,2492.64
29,38.4,1,1113.6
43,41.02,11,1763.86
41,46.26,13,1896.66
41,35.35,7,1449.35
36,51.93,8,1869.48
49,37.97,3,1860.53
38,45.39,13,1724.82
33,51.93,5,1713.69
26,48.44,1,1259.44
47,43.64,11,2051.08
34,47.57,3,1617.38
34,51.93,7,1765.62
40,50.62,4,2024.8
40,82.21,8,3288.4
33,82.59,3,2725.47
49,65.8,5,3224.2
27,100,1,3211.38
49,36.66,5,1796.34
56,35.35,7,1979.6
37,51.93,8,1921.41
33,100,7,3705.24
27,100,3,2843.91
46,100,9,6176.42
44,100,3,5500.44
26,100,1,3220.1
48,94.92,10,4556.16
23,100,9,3114.89
45,100,4,4948.2
49,100,4,5161.17
28,94.92,5,2657.76
37,100,9,3983.05
34,100,7,3974.94
22,100,3,2928.42
29,100,2,3054.57
34,98.39,3,3345.26
38,100,12,4310.72
41,100,6,4983.14
42,100,3,4618.32
28,100,12,3403.12
38,100,4,5190.42
23,100,8,3141.57
31,71.4,8,2213.4
46,100,2,4896.7
48,56.55,10,2714.4
29,100,13,3087.05
46,100,4,5692.96
26,100,3,3460.86
18,100,2,1895.94
32,53.31,2,1705.92
21,49.21,11,1033.41
46,69.12,4,3179.52
42,49.79,14,2091.18
31,57.41,13,1779.71
38,66.78,5,2537.64
38,64.44,4,2448.72
20,48.62,15,972.4
46,62.09,7,2856.14
30,65.61,15,1968.3
30,68.54,4,2056.2
43,52.14,2,2242.02
49,63.85,4,3128.65
43,56.82,4,2443.26
37,66.78,7,2470.86
35,55.07,1,1927.45
34,60.34,15,2051.56
38,61.51,7,2337.38
44,100,7,5932.96
21,100,6,2296.77
44,100,17,6490.88
25,64.93,4,1623.25
24,58.58,9,1405.92
38,60.06,10,2282.28
45,100,3,8977.05
51,63.85,4,3256.35
34,82.99,14,2821.66
44,74.85,1,3293.4
44,96,15,4224
38,81.36,2,3091.68
31,71.6,10,2219.6
48,80.55,10,3866.4
21,93.56,5,1964.76
40,66.72,2,2668.8
40,80.55,10,3222
50,77.29,3,3864.5
20,68.34,3,1366.8
48,72.41,7,3475.68
47,89.5,5,4206.5
21,70.78,11,1486.38
39,78.92,2,3077.88
44,80.55,5,3544.2
28,88.68,1,2483.04
45,77.29,6,3478.05
20,100,5,3657.8
38,100,3,4682.36
26,100,4,3937.7
44,100,2,4984.32
49,100,8,5406.66
22,100,13,3491.18
31,68.34,3,2118.54
41,70.67,5,2897.47
25,76.67,14,1916.75
31,60,5,1860
41,64,2,2624
43,64.67,1,2780.81
43,75.34,12,3239.62
24,76,3,1824
21,54,3,1134
23,64.67,9,1487.41
38,74.67,3,2837.46
31,62.67,15,1942.77
36,70.67,3,2544.12
36,71.34,6,2568.24
34,62,4,2108
21,65.34,7,1372.14
45,78.67,9,3540.15
26,75.34,4,1958.84
50,54,3,2700
41,62,2,2542
39,60,1,2340
22,100,5,2816.44
46,76.67,11,3526.82
44,100,14,4627.92
25,77.34,1,1933.5
39,66.67,1,2600.13
37,71.34,6,2639.58
31,100,7,3312.97
47,82.21,13,3863.87
24,77.64,8,1863.36
36,100,2,3945.96
48,100,2,4954.08
28,98.65,14,2762.2
48,83.12,2,3989.76
21,78.55,12,1649.55
25,100,14,2534.75
25,100,8,2580.25
31,91.34,9,2831.54
40,84.03,4,3361.2
32,89.51,14,2864.32
24,83.12,6,1994.88
42,100,2,4296.6
21,100,12,2224.95
34,82.21,4,2795.14
27,100,8,2762.1
30,88.6,5,2658
39,100,9,5043.87
20,60.54,4,1210.8
37,81.87,6,3029.19
46,100,2,10066.6
47,87.69,6,4121.43
11,100,8,1135.31
23,91.34,9,2100.82
29,70.15,12,2034.35
38,79.68,6,3027.84
32,97,3,3104
43,84.01,9,3612.43
31,87.48,8,2711.88
29,100,3,3013.97
31,88.34,10,2738.54
30,94.4,10,2832
50,94.4,2,4720
40,80.55,10,3222
23,97,4,2231
26,88.34,7,2296.84
40,100,13,4157.2
21,100,14,2146.2
43,86.61,2,3724.23
29,71.89,5,2084.81
38,91.81,10,3488.78
23,76.22,2,1753.06
20,100,7,3469.2
36,70.3,9,2530.8
28,100,4,2924.32
44,100,2,4496.8
49,100,1,6397.44
32,80.55,5,2577.6
34,100,13,3533.62
30,100,16,3177.3
29,94.14,7,2730.06
22,85.99,8,1891.78
26,100,11,2612.48
32,91.43,9,2925.76
29,100,5,2940.02
34,96.86,8,3293.24
24,99.57,5,2389.68
24,90.52,2,2172.48
33,88.71,4,2927.43
26,100,8,2659.54
40,95.95,4,3838
44,94.14,13,4142.16
24,90.52,5,2172.48
20,94.14,2,1882.8
34,100,11,3477.86
34,97.76,5,3323.84
45,93.24,13,4195.8
41,100,9,4156.58
55,71.25,15,3918.75
23,100,3,2352.67
24,45.39,14,1089.36
32,84.41,15,2701.12
29,85.76,13,2487.04
36,100,7,3910.32
46,87.8,5,4038.8
32,95.95,4,3070.4
34,100,9,3763.46
24,100,15,2584.8
40,100,1,4427.6
26,82.77,4,2152.02
20,100,2,2353.4
31,100,16,3431.39
22,87.75,1,1930.5
42,100,1,4774.56
26,99.72,14,2592.72
37,87.75,1,3246.75
38,88.75,10,3372.5
35,100,11,3909.15
33,90.75,6,2994.75
39,100,16,4472.52
45,100,8,4576.95
24,100,4,2441.04
35,88.75,14,3106.25
23,100,6,2706.41
37,100,10,4021.53
55,87.75,7,4826.25
49,100,2,4935.28
26,100,9,2754.7
33,100,1,3856.71
37,83.84,14,3102.08
22,86.76,8,1908.72
85,88.75,10,7543.75
22,100,11,2457.18
31,65.77,3,2038.87
38,65.77,12,2499.26
45,85.29,3,3838.05
31,85.29,16,2643.99
36,64.33,1,2315.88
46,70.11,10,3225.06
32,76.62,1,2451.84
39,57.82,1,2254.98
50,78.79,7,3939.5
46,74.45,1,3424.7
36,80.95,13,2914.2
29,82.4,1,2389.6
32,75.89,4,2428.48
44,68.67,2,3021.48
42,62.16,5,2610.72
47,65.77,7,3091.19
44,58.55,2,2576.2
43,75.17,1,3232.31
48,74.45,18,3573.6
21,96.31,1,2022.51
50,74.35,9,3717.5
29,75.35,12,2185.15
41,70.33,16,2883.53
37,100,10,5017.57
22,66.5,4,1463
31,75.89,4,2352.59
42,100,6,4460.82
42,100,10,4758.18
45,100,6,4597.2
36,100,6,4114.8
20,100,3,2104
39,81.93,4,3195.27
42,85.98,11,3611.16
23,86.99,3,2000.77
26,89.01,6,2314.26
33,100,1,3871.89
31,88,6,2728
50,100,11,5614
44,100,4,4628.8
45,80.92,1,3641.4
46,88,4,4048
27,85.98,11,2321.46
28,100,6,3256.96
40,100,1,4208
30,99.13,9,2973.9
34,100,5,4248.3
46,100,2,9558.8
32,82.83,7,2650.56
27,100,3,3761.37
34,100,3,4301.34
34,54.84,9,1864.56
34,100,4,3576.8
46,80.92,1,3722.32
32,100,1,3986.56
24,100,7,3417.12
27,99.67,2,2691.09
20,100,13,2752.6
36,100,8,4527.72
29,100,8,3957.05
25,100,6,2818
29,100,8,3199.86
25,96.11,2,2402.75
44,100,3,6055.72
47,100,9,5465.16
48,100,8,6378.72
45,100,13,5392.8
35,100,3,3986.5
31,100,6,4009.23
50,100,8,7119
33,100,11,4072.2
29,100,6,4094.51
48,68.8,4,3302.4
44,72.42,5,3186.48
25,66.73,10,1668.25
50,100,3,7154.5
23,100,9,2810.83
21,96.11,2,2018.31
41,100,3,5642.83
44,74.4,8,3273.6
43,76,14,3268
28,96,3,2688
43,86.4,1,3715.2
48,96,15,4608
38,82.4,3,3131.2
31,86.4,13,2678.4
26,67.2,15,1747.2
32,92,9,2944
44,67.2,10,2956.8
27,76,5,2052
43,73.6,15,3164.8
25,69.6,7,1740
22,80.8,3,1777.6
21,87.2,13,1831.2
48,75.2,5,3609.6
33,64,13,2112
34,100,5,3644.12
43,81.95,6,3523.85
44,100,10,5001.92
44,100,11,5208.72
32,94.34,17,3018.88
29,65.6,10,1902.4
77,92,9,7084
39,67.2,10,2620.8
39,81.14,6,3164.46
36,100,1,4219.2
42,91.15,6,3828.3
21,100,3,2334.99
50,88.15,2,4407.5
24,100,13,2812.8
44,92.16,4,4055.04
37,100,4,3891.66
27,92.16,10,2488.32
37,100,4,4447.4
38,100,16,4187.22
48,96.16,1,4615.68
30,100,7,3245.4
25,88.15,5,2203.75
40,86.15,8,3446
22,88.15,10,1939.3
34,100,5,3473.78
32,90.15,4,2884.8
31,86.15,3,2670.65
43,80,2,3440
31,89.38,1,2770.78
31,77.34,13,2397.54
34,96.34,2,3275.56
45,92.08,2,4143.6
48,100,3,5192.64
28,100,7,3029.04
22,100,7,2556.18
45,83.42,1,3753.9
30,85.41,7,2562.3
38,85.41,4,3245.58
20,100,3,2204.6
28,100,14,3003
24,100,5,2526.48
22,79.45,5,1747.9
35,93.35,11,3267.25
33,85.41,5,2818.53
31,95.34,17,2955.54
35,82.43,2,2885.05
35,90.37,8,3162.95
50,81.43,6,4071.5
26,100,9,2969.46
38,89.38,11,3396.44
45,100,1,4692.6
30,100,5,3515.7
37,91.37,4,3380.69
37,86.61,3,3204.57
36,71.89,7,2588.04
25,100,16,2854.75
37,100,8,4025.6
30,95.48,3,2864.4
36,100,2,3789.72
27,90.37,8,2439.99
48,61.44,10,2949.12
26,59.22,1,1539.72
26,85.13,2,2213.38
34,85.87,5,2919.58
44,85.87,3,3778.28
39,82.91,17,3233.49
45,76.25,2,3431.25
40,63.67,2,2546.8
42,70.33,15,2953.86
43,74.03,2,3183.29
34,72.55,11,2466.7
38,62.19,12,2363.22
35,71.07,7,2487.45
31,72.55,17,2249.05
32,64.41,9,2061.12
47,86.62,5,4071.14
39,68.11,15,2656.29
44,62.19,7,2736.36
39,85.87,12,3348.93
50,57.86,8,2893
22,75.51,1,1661.22
35,100,11,4277.35
45,55.62,17,2502.9
44,86.4,15,3801.6
36,87.36,12,3144.96
28,72.55,11,2031.4
43,62.19,12,2674.17
48,52.64,15,2526.72
28,48.17,6,1348.76
21,41.71,7,875.91
37,50.65,10,1874.05
34,49.16,8,1671.44
40,41.71,4,1668.4
45,51.15,7,2301.75
28,52.14,4,1459.92
29,41.71,1,1209.59
48,44.69,3,2145.12
31,45.69,7,1416.39
32,57.61,3,1843.52
21,57.11,12,1199.31
32,58.6,4,1875.2
43,57.61,1,2477.23
21,45.19,10,948.99
34,53.63,4,1823.42
34,43.7,12,1485.8
44,86.13,8,3789.72
27,76.31,6,2060.37
49,52.64,4,2579.36
23,95.2,12,2189.6
25,64.97,9,1624.25
50,87.15,16,4357.5
34,40.22,1,1367.48
20,56.12,4,1122.4
42,57.61,3,2419.62
25,56.78,8,1419.5
50,43.68,2,2184
32,64.97,8,2079.04
39,44.23,5,1724.97
50,60.06,4,3003
38,48.59,15,1846.42
40,50.23,6,2009.2
28,64.43,6,1804.04
42,50.23,12,2109.66
42,63.88,6,2682.96
36,63.34,18,2280.24
24,49.69,3,1192.56
23,65.52,9,1506.96
29,50.78,7,1472.62
37,45.86,10,1696.82
33,51.32,12,1693.56
32,60.06,1,1921.92
35,59.51,6,2082.85
40,55.69,5,2227.6
37,86.74,4,3209.38
42,97.16,5,4080.72
20,100,15,2244.4
29,100,1,3978.51
43,100,4,5417.57
34,62.24,1,2116.16
47,65.52,9,3079.44
